event1	event2	m1_1	m2_1	dist1	m1_2	m2_2	dist2	Blu	Rlu
190425	S190413ac	2.063355	1.424297	163.086727	83.477306	55.758698	4215.177173	0.000000E+00	2.441539E+00
190425	S190421ar	2.063355	1.424297	163.086727	48.520636	37.469384	1559.917750	0.000000E+00	1.032446E+01
190425	S190510g	2.063355	1.424297	163.086727	2.127052	1.396210	214.506238	3.038173E+04	1.812897E+00
190425	S190602aq	2.063355	1.424297	163.086727	110.865717	60.439404	2538.314813	0.000000E+00	3.712439E-01
190425	S190630ag	2.063355	1.424297	163.086727	43.756930	25.094726	894.666939	0.000000E+00	1.278728E-01
190425	S190706ai	2.063355	1.424297	163.086727	112.933503	74.121426	5294.057929	0.000000E+00	1.044236E-01
190425	S190707q	2.063355	1.424297	163.086727	13.665300	9.435456	806.532865	0.000000E+00	1.028849E-01
190425	S190708ap	2.063355	1.424297	163.086727	21.480518	14.643784	861.632575	0.000000E+00	9.785453E-02
190425	S190720a	2.063355	1.424297	163.086727	15.956410	9.005985	816.716283	0.000000E+00	7.034553E-02
190425	S190728q	2.063355	1.424297	163.086727	14.403733	9.446159	897.634710	0.000000E+00	5.629766E-02
190425	S190804f	2.063355	1.424297	163.086727	2.661309	0.997223	458.682711	7.065013E+03	4.752621E-02
190425	S190812an	2.063355	1.424297	163.086727	3.388247	1.510654	280.148786	0.000000E+00	3.933673E-02
190425	S190814bv	2.063355	1.424297	163.086727	24.687522	2.707457	266.583126	0.000000E+00	3.757804E-02
190425	S190826u	2.063355	1.424297	163.086727	1.594133	1.005948	221.791283	3.205129E-14	3.006329E-02
190425	S190828j	2.063355	1.424297	163.086727	43.837041	35.304224	1996.229569	0.000000E+00	2.914525E-02
190425	S190828l	2.063355	1.424297	163.086727	32.131295	12.406218	1550.884781	0.000000E+00	2.913775E-02
190425	S190830y	2.063355	1.424297	163.086727	13.495155	4.414696	1058.882711	1.327268E-212	2.797440E-02
190425	S190901ap	2.063355	1.424297	163.086727	2.057573	1.260297	241.128579	1.721595E-05	2.687883E-02
190511	190425	3.850878	1.518912	1683.381047	2.063355	1.424297	163.086727	6.281433E+02	1.610261E+00
190511	190521r	3.850878	1.518912	1683.381047	51.535979	39.138066	1121.147106	0.000000E+00	3.017076E+00
190511	S190413ac	3.850878	1.518912	1683.381047	83.477306	55.758698	4215.177173	0.000000E+00	6.507387E-01
190511	S190421ar	3.850878	1.518912	1683.381047	48.520636	37.469384	1559.917750	0.000000E+00	1.194993E+00
190511	S190510g	3.850878	1.518912	1683.381047	2.127052	1.396210	214.506238	6.277268E+02	2.977930E+01
190511	S190602aq	3.850878	1.518912	1683.381047	110.865717	60.439404	2538.314813	0.000000E+00	9.543774E-01
190511	S190630ag	3.850878	1.518912	1683.381047	43.756930	25.094726	894.666939	0.000000E+00	2.271350E-01
190511	S190706ai	3.850878	1.518912	1683.381047	112.933503	74.121426	5294.057929	0.000000E+00	1.808644E-01
190511	S190707q	3.850878	1.518912	1683.381047	13.665300	9.435456	806.532865	0.000000E+00	1.778644E-01
190511	S190708ap	3.850878	1.518912	1683.381047	21.480518	14.643784	861.632575	0.000000E+00	1.680809E-01
190511	S190720a	3.850878	1.518912	1683.381047	15.956410	9.005985	816.716283	0.000000E+00	1.151150E-01
190511	S190728q	3.850878	1.518912	1683.381047	14.403733	9.446159	897.634710	0.000000E+00	8.848122E-02
190511	S190804f	3.850878	1.518912	1683.381047	2.661309	0.997223	458.682711	1.124848E+02	7.214112E-02
190511	S190812an	3.850878	1.518912	1683.381047	3.388247	1.510654	280.148786	6.185104E+02	5.726976E-02
190511	S190814bv	3.850878	1.518912	1683.381047	24.687522	2.707457	266.583126	0.000000E+00	5.414921E-02
190511	S190826u	3.850878	1.518912	1683.381047	1.594133	1.005948	221.791283	1.069646E+00	4.125005E-02
190511	S190828j	3.850878	1.518912	1683.381047	43.837041	35.304224	1996.229569	0.000000E+00	3.973474E-02
190511	S190828l	3.850878	1.518912	1683.381047	32.131295	12.406218	1550.884781	0.000000E+00	3.972241E-02
190511	S190830y	3.850878	1.518912	1683.381047	13.495155	4.414696	1058.882711	1.249485E-91	3.782536E-02
190511	S190901ap	3.850878	1.518912	1683.381047	2.057573	1.260297	241.128579	5.136574E+02	3.606379E-02
190513bm	190425	47.922319	25.884359	1908.148652	2.063355	1.424297	163.086727	0.000000E+00	1.298039E+00
190513bm	190511	47.922319	25.884359	1908.148652	3.850878	1.518912	1683.381047	0.000000E+00	1.430826E+01
190513bm	190519bj	47.922319	25.884359	1908.148652	94.012281	67.120783	3830.846901	1.416212E-223	5.790878E+00
190513bm	190521g	47.922319	25.884359	1908.148652	191.015006	80.104642	2312.369982	0.000000E+00	4.400128E+00
190513bm	190521r	47.922319	25.884359	1908.148652	51.535979	39.138066	1121.147106	2.348939E-40	4.260509E+00
190513bm	S190413ac	47.922319	25.884359	1908.148652	83.477306	55.758698	4215.177173	1.787715E-71	5.610344E-01
190513bm	S190421ar	47.922319	25.884359	1908.148652	48.520636	37.469384	1559.917750	2.910698E-24	9.816514E-01
190513bm	S190425e	47.922319	25.884359	1908.148652	2.159430	1.390684	102.150916	0.000000E+00	1.267353E+00
190513bm	S190426c	47.922319	25.884359	1908.148652	5.518208	1.939483	673.410613	0.000000E+00	1.451639E+00
190513bm	S190510g	47.922319	25.884359	1908.148652	2.127052	1.396210	214.506238	0.000000E+00	9.463761E+00
190513bm	S190512at	47.922319	25.884359	1908.148652	27.933490	16.642326	1430.391569	2.803933E-139	3.607825E+01
190513bm	S190602aq	47.922319	25.884359	1908.148652	110.865717	60.439404	2538.314813	6.080677E-197	1.159349E+00
190513bm	S190607t	47.922319	25.884359	1908.148652	1.982071	1.254118	135.817611	0.000000E+00	8.046448E-01
190513bm	S190630ag	47.922319	25.884359	1908.148652	43.756930	25.094726	894.666939	1.116620E+02	2.496562E-01
190513bm	S190701ah	47.922319	25.884359	1908.148652	77.306595	53.661396	1841.469922	2.133269E-139	2.395206E-01
190513bm	S190704o	47.922319	25.884359	1908.148652	6.364086	4.321680	436.060624	0.000000E+00	2.170134E-01
190513bm	S190706ai	47.922319	25.884359	1908.148652	112.933503	74.121426	5294.057929	1.110076E-182	1.978470E-01
190513bm	S190707q	47.922319	25.884359	1908.148652	13.665300	9.435456	806.532865	0.000000E+00	1.945061E-01
190513bm	S190708ap	47.922319	25.884359	1908.148652	21.480518	14.643784	861.632575	0.000000E+00	1.836227E-01
190513bm	S190720a	47.922319	25.884359	1908.148652	15.956410	9.005985	816.716283	0.000000E+00	1.249187E-01
190513bm	S190727h	47.922319	25.884359	1908.148652	57.666366	45.159167	2858.799342	1.712279E-55	9.862566E-02
190513bm	S190728q	47.922319	25.884359	1908.148652	14.403733	9.446159	897.634710	0.000000E+00	9.548228E-02
190513bm	S190802ab	47.922319	25.884359	1908.148652	1.884447	1.031714	161.440189	0.000000E+00	8.046975E-02
190513bm	S190804f	47.922319	25.884359	1908.148652	2.661309	0.997223	458.682711	0.000000E+00	7.745118E-02
190513bm	S190812an	47.922319	25.884359	1908.148652	3.388247	1.510654	280.148786	0.000000E+00	6.108054E-02
190513bm	S190814bv	47.922319	25.884359	1908.148652	24.687522	2.707457	266.583126	0.000000E+00	5.765377E-02
190513bm	S190826u	47.922319	25.884359	1908.148652	1.594133	1.005948	221.791283	0.000000E+00	4.354425E-02
190513bm	S190828j	47.922319	25.884359	1908.148652	43.837041	35.304224	1996.229569	3.857165E-03	4.189505E-02
190513bm	S190828l	47.922319	25.884359	1908.148652	32.131295	12.406218	1550.884781	5.042827E-166	4.188165E-02
190513bm	S190830y	47.922319	25.884359	1908.148652	13.495155	4.414696	1058.882711	0.000000E+00	3.982039E-02
190513bm	S190901ap	47.922319	25.884359	1908.148652	2.057573	1.260297	241.128579	0.000000E+00	3.791010E-02
190519bj	190425	94.012281	67.120783	3830.846901	2.063355	1.424297	163.086727	0.000000E+00	8.253228E-01
190519bj	190511	94.012281	67.120783	3830.846901	3.850878	1.518912	1683.381047	0.000000E+00	3.773101E+00
190519bj	190521g	94.012281	67.120783	3830.846901	191.015006	80.104642	2312.369982	1.442143E-137	2.494398E+01
190519bj	190521r	94.012281	67.120783	3830.846901	51.535979	39.138066	1121.147106	1.173901E-179	2.142468E+01
190519bj	S190413ac	94.012281	67.120783	3830.846901	83.477306	55.758698	4215.177173	9.214833E+00	4.139115E-01
190519bj	S190421ar	94.012281	67.120783	3830.846901	48.520636	37.469384	1559.917750	1.797402E-06	6.545965E-01
190519bj	S190425e	94.012281	67.120783	3830.846901	2.159430	1.390684	102.150916	0.000000E+00	8.089108E-01
190519bj	S190426c	94.012281	67.120783	3830.846901	5.518208	1.939483	673.410613	0.000000E+00	9.071411E-01
190519bj	S190510g	94.012281	67.120783	3830.846901	2.127052	1.396210	214.506238	0.000000E+00	3.165044E+00
190519bj	S190602aq	94.012281	67.120783	3830.846901	110.865717	60.439404	2538.314813	1.299940E-10	1.933277E+00
190519bj	S190607t	94.012281	67.120783	3830.846901	1.982071	1.254118	135.817611	0.000000E+00	1.259384E+00
190519bj	S190630ag	94.012281	67.120783	3830.846901	43.756930	25.094726	894.666939	0.000000E+00	3.153403E-01
190519bj	S190701ah	94.012281	67.120783	3830.846901	77.306595	53.661396	1841.469922	8.845570E-23	3.015438E-01
190519bj	S190706ai	94.012281	67.120783	3830.846901	112.933503	74.121426	5294.057929	5.650771E-03	2.460877E-01
190519bj	S190707q	94.012281	67.120783	3830.846901	13.665300	9.435456	806.532865	0.000000E+00	2.417173E-01
190519bj	S190708ap	94.012281	67.120783	3830.846901	21.480518	14.643784	861.632575	0.000000E+00	2.275437E-01
190519bj	S190720a	94.012281	67.120783	3830.846901	15.956410	9.005985	816.716283	0.000000E+00	1.522860E-01
190519bj	S190727h	94.012281	67.120783	3830.846901	57.666366	45.159167	2858.799342	3.289127E-28	1.189462E-01
190519bj	S190728q	94.012281	67.120783	3830.846901	14.403733	9.446159	897.634710	0.000000E+00	1.149688E-01
190519bj	S190802ab	94.012281	67.120783	3830.846901	1.884447	1.031714	161.440189	0.000000E+00	9.600022E-02
190519bj	S190804f	94.012281	67.120783	3830.846901	2.661309	0.997223	458.682711	0.000000E+00	9.219278E-02
190519bj	S190812an	94.012281	67.120783	3830.846901	3.388247	1.510654	280.148786	0.000000E+00	7.160662E-02
190519bj	S190814bv	94.012281	67.120783	3830.846901	24.687522	2.707457	266.583126	0.000000E+00	6.731733E-02
190519bj	S190826u	94.012281	67.120783	3830.846901	1.594133	1.005948	221.791283	0.000000E+00	4.979401E-02
190519bj	S190828j	94.012281	67.120783	3830.846901	43.837041	35.304224	1996.229569	0.000000E+00	4.776700E-02
190519bj	S190828l	94.012281	67.120783	3830.846901	32.131295	12.406218	1550.884781	0.000000E+00	4.775055E-02
190519bj	S190830y	94.012281	67.120783	3830.846901	13.495155	4.414696	1058.882711	0.000000E+00	4.522603E-02
190519bj	S190901ap	94.012281	67.120783	3830.846901	2.057573	1.260297	241.128579	0.000000E+00	4.289635E-02
190521g	190425	191.015006	80.104642	2312.369982	2.063355	1.424297	163.086727	0.000000E+00	7.446475E-01
190521g	190511	191.015006	80.104642	2312.369982	3.850878	1.518912	1683.381047	0.000000E+00	3.090801E+00
190521g	190521r	191.015006	80.104642	2312.369982	51.535979	39.138066	1121.147106	0.000000E+00	2.908954E+02
190521g	S190413ac	191.015006	80.104642	2312.369982	83.477306	55.758698	4215.177173	3.914592E-109	3.859981E-01
190521g	S190421ar	191.015006	80.104642	2312.369982	48.520636	37.469384	1559.917750	4.247898E-207	5.976752E-01
190521g	S190425e	191.015006	80.104642	2312.369982	2.159430	1.390684	102.150916	0.000000E+00	7.305787E-01
190521g	S190510g	191.015006	80.104642	2312.369982	2.127052	1.396210	214.506238	0.000000E+00	2.655695E+00
190521g	S190602aq	191.015006	80.104642	2312.369982	110.865717	60.439404	2538.314813	5.474157E-56	2.235743E+00
190521g	S190630ag	191.015006	80.104642	2312.369982	43.756930	25.094726	894.666939	0.000000E+00	3.358904E-01
190521g	S190706ai	191.015006	80.104642	2312.369982	112.933503	74.121426	5294.057929	5.755693E-28	2.607211E-01
190521g	S190707q	191.015006	80.104642	2312.369982	13.665300	9.435456	806.532865	0.000000E+00	2.560156E-01
190521g	S190708ap	191.015006	80.104642	2312.369982	21.480518	14.643784	861.632575	0.000000E+00	2.407815E-01
190521g	S190720a	191.015006	80.104642	2312.369982	15.956410	9.005985	816.716283	0.000000E+00	1.604042E-01
190521g	S190727h	191.015006	80.104642	2312.369982	57.666366	45.159167	2858.799342	0.000000E+00	1.249568E-01
190521g	S190728q	191.015006	80.104642	2312.369982	14.403733	9.446159	897.634710	0.000000E+00	1.207311E-01
190521g	S190802ab	191.015006	80.104642	2312.369982	1.884447	1.031714	161.440189	0.000000E+00	1.005858E-01
190521g	S190804f	191.015006	80.104642	2312.369982	2.661309	0.997223	458.682711	0.000000E+00	9.654372E-02
190521g	S190812an	191.015006	80.104642	2312.369982	3.388247	1.510654	280.148786	0.000000E+00	7.470256E-02
190521g	S190814bv	191.015006	80.104642	2312.369982	24.687522	2.707457	266.583126	0.000000E+00	7.015609E-02
190521g	S190826u	191.015006	80.104642	2312.369982	1.594133	1.005948	221.791283	0.000000E+00	5.161342E-02
190521g	S190828j	191.015006	80.104642	2312.369982	43.837041	35.304224	1996.229569	0.000000E+00	4.947350E-02
190521g	S190828l	191.015006	80.104642	2312.369982	32.131295	12.406218	1550.884781	0.000000E+00	4.945613E-02
190521g	S190830y	191.015006	80.104642	2312.369982	13.495155	4.414696	1058.882711	0.000000E+00	4.679316E-02
190521g	S190901ap	191.015006	80.104642	2312.369982	2.057573	1.260297	241.128579	0.000000E+00	4.433815E-02
190521r	190425	51.535979	39.138066	1121.147106	2.063355	1.424297	163.086727	0.000000E+00	7.348684E-01
190521r	S190413ac	51.535979	39.138066	1121.147106	83.477306	55.758698	4215.177173	9.151415E-33	3.825213E-01
190521r	S190421ar	51.535979	39.138066	1121.147106	48.520636	37.469384	1559.917750	1.525081E-13	5.907317E-01
190521r	S190510g	51.535979	39.138066	1121.147106	2.127052	1.396210	214.506238	0.000000E+00	2.598701E+00
190521r	S190602aq	51.535979	39.138066	1121.147106	110.865717	60.439404	2538.314813	0.000000E+00	2.280771E+00
190521r	S190630ag	51.535979	39.138066	1121.147106	43.756930	25.094726	894.666939	3.410399E-143	3.387538E-01
190521r	S190706ai	51.535979	39.138066	1121.147106	112.933503	74.121426	5294.057929	3.693998E-203	2.627415E-01
190521r	S190707q	51.535979	39.138066	1121.147106	13.665300	9.435456	806.532865	0.000000E+00	2.579888E-01
190521r	S190708ap	51.535979	39.138066	1121.147106	21.480518	14.643784	861.632575	0.000000E+00	2.426055E-01
190521r	S190720a	51.535979	39.138066	1121.147106	15.956410	9.005985	816.716283	0.000000E+00	1.615171E-01
190521r	S190728q	51.535979	39.138066	1121.147106	14.403733	9.446159	897.634710	0.000000E+00	1.215203E-01
190521r	S190804f	51.535979	39.138066	1121.147106	2.661309	0.997223	458.682711	0.000000E+00	9.713935E-02
190521r	S190812an	51.535979	39.138066	1121.147106	3.388247	1.510654	280.148786	0.000000E+00	7.512608E-02
190521r	S190814bv	51.535979	39.138066	1121.147106	24.687522	2.707457	266.583126	0.000000E+00	7.054433E-02
190521r	S190826u	51.535979	39.138066	1121.147106	1.594133	1.005948	221.791283	0.000000E+00	5.186178E-02
190521r	S190828j	51.535979	39.138066	1121.147106	43.837041	35.304224	1996.229569	1.403289E-15	4.970635E-02
190521r	S190828l	51.535979	39.138066	1121.147106	32.131295	12.406218	1550.884781	0.000000E+00	4.968887E-02
190521r	S190830y	51.535979	39.138066	1121.147106	13.495155	4.414696	1058.882711	0.000000E+00	4.700689E-02
190521r	S190901ap	51.535979	39.138066	1121.147106	2.057573	1.260297	241.128579	0.000000E+00	4.453467E-02
S190408an	190425	32.283130	23.125394	1291.185374	2.063355	1.424297	163.086727	0.000000E+00	1.537291E+00
S190408an	190511	32.283130	23.125394	1291.185374	3.850878	1.518912	1683.381047	0.000000E+00	4.924016E-01
S190408an	190513bm	32.283130	23.125394	1291.185374	47.922319	25.884359	1908.148652	1.625392E-33	4.339842E-01
S190408an	190519bj	32.283130	23.125394	1291.185374	94.012281	67.120783	3830.846901	0.000000E+00	3.325970E-01
S190408an	190521g	32.283130	23.125394	1291.185374	191.015006	80.104642	2312.369982	0.000000E+00	3.123300E-01
S190408an	190521r	32.283130	23.125394	1291.185374	51.535979	39.138066	1121.147106	0.000000E+00	3.097793E-01
S190408an	S190413ac	32.283130	23.125394	1291.185374	83.477306	55.758698	4215.177173	1.669193E-190	7.184538E+00
S190408an	S190421ar	32.283130	23.125394	1291.185374	48.520636	37.469384	1559.917750	8.887304E-55	2.122803E+00
S190408an	S190425e	32.283130	23.125394	1291.185374	2.159430	1.390684	102.150916	0.000000E+00	1.576684E+00
S190408an	S190426c	32.283130	23.125394	1291.185374	5.518208	1.939483	673.410613	0.000000E+00	1.372116E+00
S190408an	S190510g	32.283130	23.125394	1291.185374	2.127052	1.396210	214.506238	0.000000E+00	5.282218E-01
S190408an	S190512at	32.283130	23.125394	1291.185374	27.933490	16.642326	1430.391569	1.793855E-66	4.590593E-01
S190408an	S190602aq	32.283130	23.125394	1291.185374	110.865717	60.439404	2538.314813	0.000000E+00	1.912539E-01
S190408an	S190607t	32.283130	23.125394	1291.185374	1.982071	1.254118	135.817611	0.000000E+00	1.610256E-01
S190408an	S190630ag	32.283130	23.125394	1291.185374	43.756930	25.094726	894.666939	2.543109E-40	7.586360E-02
S190408an	S190701ah	32.283130	23.125394	1291.185374	77.306595	53.661396	1841.469922	0.000000E+00	7.355413E-02
S190408an	S190704o	32.283130	23.125394	1291.185374	6.364086	4.321680	436.060624	0.000000E+00	6.834518E-02
S190408an	S190706ai	32.283130	23.125394	1291.185374	112.933503	74.121426	5294.057929	0.000000E+00	6.382908E-02
S190408an	S190707q	32.283130	23.125394	1291.185374	13.665300	9.435456	806.532865	0.000000E+00	6.303479E-02
S190408an	S190708ap	32.283130	23.125394	1291.185374	21.480518	14.643784	861.632575	3.723737E-240	6.043313E-02
S190408an	S190720a	32.283130	23.125394	1291.185374	15.956410	9.005985	816.716283	0.000000E+00	4.599776E-02
S190408an	S190727h	32.283130	23.125394	1291.185374	57.666366	45.159167	2858.799342	1.693597E-249	3.921007E-02
S190408an	S190728q	32.283130	23.125394	1291.185374	14.403733	9.446159	897.634710	0.000000E+00	3.837572E-02
S190408an	S190802ab	32.283130	23.125394	1291.185374	1.884447	1.031714	161.440189	0.000000E+00	3.429102E-02
S190408an	S190804f	32.283130	23.125394	1291.185374	2.661309	0.997223	458.682711	0.000000E+00	3.344496E-02
S190408an	S190812an	32.283130	23.125394	1291.185374	3.388247	1.510654	280.148786	0.000000E+00	2.864297E-02
S190408an	S190814bv	32.283130	23.125394	1291.185374	24.687522	2.707457	266.583126	0.000000E+00	2.757700E-02
S190408an	S190826u	32.283130	23.125394	1291.185374	1.594133	1.005948	221.791283	0.000000E+00	2.283032E-02
S190408an	S190828j	32.283130	23.125394	1291.185374	43.837041	35.304224	1996.229569	1.689639E-79	2.222480E-02
S190408an	S190828l	32.283130	23.125394	1291.185374	32.131295	12.406218	1550.884781	7.540770E-97	2.221983E-02
S190408an	S190830y	32.283130	23.125394	1291.185374	13.495155	4.414696	1058.882711	0.000000E+00	2.144305E-02
S190408an	S190901ap	32.283130	23.125394	1291.185374	2.057573	1.260297	241.128579	0.000000E+00	2.070146E-02
S190413ac	S190510g	83.477306	55.758698	4215.177173	2.127052	1.396210	214.506238	0.000000E+00	7.071323E-01
S190413ac	S190630ag	83.477306	55.758698	4215.177173	43.756930	25.094726	894.666939	5.775493E-119	8.754978E-02
S190413ac	S190706ai	83.477306	55.758698	4215.177173	112.933503	74.121426	5294.057929	2.943263E-07	7.298724E-02
S190413ac	S190708ap	83.477306	55.758698	4215.177173	21.480518	14.643784	861.632575	0.000000E+00	6.888956E-02
S190413ac	S190812an	83.477306	55.758698	4215.177173	3.388247	1.510654	280.148786	0.000000E+00	3.121358E-02
S190413ac	S190814bv	83.477306	55.758698	4215.177173	24.687522	2.707457	266.583126	0.000000E+00	2.999410E-02
S190413ac	S190828j	83.477306	55.758698	4215.177173	43.837041	35.304224	1996.229569	1.280662E-58	2.395246E-02
S190413ac	S190828l	83.477306	55.758698	4215.177173	32.131295	12.406218	1550.884781	7.539074E-260	2.394691E-02
S190413ac	S190830y	83.477306	55.758698	4215.177173	13.495155	4.414696	1058.882711	0.000000E+00	2.308229E-02
S190413ac	S190901ap	83.477306	55.758698	4215.177173	2.057573	1.260297	241.128579	0.000000E+00	2.225985E-02
S190421ar	S190413ac	48.520636	37.469384	1559.917750	83.477306	55.758698	4215.177173	4.710172E-05	3.721839E+00
S190421ar	S190510g	48.520636	37.469384	1559.917750	2.127052	1.396210	214.506238	0.000000E+00	1.331986E+00
S190421ar	S190602aq	48.520636	37.469384	1559.917750	110.865717	60.439404	2538.314813	6.472577E-26	3.192147E-01
S190421ar	S190630ag	48.520636	37.469384	1559.917750	43.756930	25.094726	894.666939	2.275170E-13	1.140178E-01
S190421ar	S190706ai	48.520636	37.469384	1559.917750	112.933503	74.121426	5294.057929	8.624093E-49	9.364175E-02
S190421ar	S190707q	48.520636	37.469384	1559.917750	13.665300	9.435456	806.532865	0.000000E+00	9.230347E-02
S190421ar	S190708ap	48.520636	37.469384	1559.917750	21.480518	14.643784	861.632575	5.243667E-174	8.792735E-02
S190421ar	S190720a	48.520636	37.469384	1559.917750	15.956410	9.005985	816.716283	0.000000E+00	6.394821E-02
S190421ar	S190812an	48.520636	37.469384	1559.917750	3.388247	1.510654	280.148786	0.000000E+00	3.663834E-02
S190421ar	S190814bv	48.520636	37.469384	1559.917750	24.687522	2.707457	266.583126	0.000000E+00	3.506653E-02
S190421ar	S190826u	48.520636	37.469384	1559.917750	1.594133	1.005948	221.791283	0.000000E+00	2.829397E-02
S190421ar	S190828j	48.520636	37.469384	1559.917750	43.837041	35.304224	1996.229569	3.140537E-06	2.745897E-02
S190421ar	S190828l	48.520636	37.469384	1559.917750	32.131295	12.406218	1550.884781	3.588951E-99	2.745213E-02
S190421ar	S190830y	48.520636	37.469384	1559.917750	13.495155	4.414696	1058.882711	9.800150E-188	2.639116E-02
S190421ar	S190901ap	48.520636	37.469384	1559.917750	2.057573	1.260297	241.128579	0.000000E+00	2.538896E-02
S190425e	190425	2.159430	1.390684	102.150916	2.063355	1.424297	163.086727	1.083446E-49	1.873679E+02
S190425e	190511	2.159430	1.390684	102.150916	3.850878	1.518912	1683.381047	1.502379E+03	1.569792E+00
S190425e	190521r	2.159430	1.390684	102.150916	51.535979	39.138066	1121.147106	0.000000E+00	7.210797E-01
S190425e	S190413ac	2.159430	1.390684	102.150916	83.477306	55.758698	4215.177173	0.000000E+00	2.516561E+00
S190425e	S190421ar	2.159430	1.390684	102.150916	48.520636	37.469384	1559.917750	0.000000E+00	1.124576E+01
S190425e	S190510g	2.159430	1.390684	102.150916	2.127052	1.396210	214.506238	1.255503E-16	1.765741E+00
S190425e	S190602aq	2.159430	1.390684	102.150916	110.865717	60.439404	2538.314813	0.000000E+00	3.665212E-01
S190425e	S190630ag	2.159430	1.390684	102.150916	43.756930	25.094726	894.666939	0.000000E+00	1.266610E-01
S190425e	S190706ai	2.159430	1.390684	102.150916	112.933503	74.121426	5294.057929	0.000000E+00	1.034814E-01
S190425e	S190707q	2.159430	1.390684	102.150916	13.665300	9.435456	806.532865	0.000000E+00	1.019602E-01
S190425e	S190708ap	2.159430	1.390684	102.150916	21.480518	14.643784	861.632575	0.000000E+00	9.698717E-02
S190425e	S190720a	2.159430	1.390684	102.150916	15.956410	9.005985	816.716283	0.000000E+00	6.978764E-02
S190425e	S190728q	2.159430	1.390684	102.150916	14.403733	9.446159	897.634710	0.000000E+00	5.589257E-02
S190425e	S190802ab	2.159430	1.390684	102.150916	1.884447	1.031714	161.440189	1.205114E-237	4.867964E-02
S190425e	S190804f	2.159430	1.390684	102.150916	2.661309	0.997223	458.682711	2.608178E+04	4.721257E-02
S190425e	S190812an	2.159430	1.390684	102.150916	3.388247	1.510654	280.148786	1.851600E-64	3.910359E-02
S190425e	S190814bv	2.159430	1.390684	102.150916	24.687522	2.707457	266.583126	0.000000E+00	3.736131E-02
S190425e	S190826u	2.159430	1.390684	102.150916	1.594133	1.005948	221.791283	1.188014E-18	2.991164E-02
S190425e	S190828j	2.159430	1.390684	102.150916	43.837041	35.304224	1996.229569	0.000000E+00	2.900086E-02
S190425e	S190828l	2.159430	1.390684	102.150916	32.131295	12.406218	1550.884781	0.000000E+00	2.899342E-02
S190425e	S190830y	2.159430	1.390684	102.150916	13.495155	4.414696	1058.882711	1.575207E-213	2.783902E-02
S190425e	S190901ap	2.159430	1.390684	102.150916	2.057573	1.260297	241.128579	1.011018E-31	2.675162E-02
S190426c	190425	5.518208	1.939483	673.410613	2.063355	1.424297	163.086727	1.030925E-26	2.959493E+01
S190426c	190511	5.518208	1.939483	673.410613	3.850878	1.518912	1683.381047	7.171223E+02	1.813928E+00
S190426c	190521g	5.518208	1.939483	673.410613	191.015006	80.104642	2312.369982	0.000000E+00	8.146599E-01
S190426c	190521r	5.518208	1.939483	673.410613	51.535979	39.138066	1121.147106	0.000000E+00	8.034683E-01
S190426c	S190413ac	5.518208	1.939483	673.410613	83.477306	55.758698	4215.177173	0.000000E+00	2.137814E+00
S190426c	S190421ar	5.518208	1.939483	673.410613	48.520636	37.469384	1559.917750	0.000000E+00	7.308035E+00
S190426c	S190425e	5.518208	1.939483	673.410613	2.159430	1.390684	102.150916	5.039260E-15	2.299409E+01
S190426c	S190510g	5.518208	1.939483	673.410613	2.127052	1.396210	214.506238	7.570192E+00	2.051858E+00
S190426c	S190602aq	5.518208	1.939483	673.410613	110.865717	60.439404	2538.314813	0.000000E+00	3.941082E-01
S190426c	S190630ag	5.518208	1.939483	673.410613	43.756930	25.094726	894.666939	0.000000E+00	1.336087E-01
S190426c	S190701ah	5.518208	1.939483	673.410613	77.306595	53.661396	1841.469922	0.000000E+00	1.288444E-01
S190426c	S190706ai	5.518208	1.939483	673.410613	112.933503	74.121426	5294.057929	0.000000E+00	1.088822E-01
S190426c	S190707q	5.518208	1.939483	673.410613	13.665300	9.435456	806.532865	0.000000E+00	1.072602E-01
S190426c	S190708ap	5.518208	1.939483	673.410613	21.480518	14.643784	861.632575	0.000000E+00	1.019582E-01
S190426c	S190720a	5.518208	1.939483	673.410613	15.956410	9.005985	816.716283	0.000000E+00	7.298268E-02
S190426c	S190727h	5.518208	1.939483	673.410613	57.666366	45.159167	2858.799342	0.000000E+00	5.979957E-02
S190426c	S190728q	5.518208	1.939483	673.410613	14.403733	9.446159	897.634710	0.000000E+00	5.821030E-02
S190426c	S190802ab	5.518208	1.939483	673.410613	1.884447	1.031714	161.440189	5.557388E-22	5.055915E-02
S190426c	S190804f	5.518208	1.939483	673.410613	2.661309	0.997223	458.682711	1.029137E-17	4.900510E-02
S190426c	S190812an	5.518208	1.939483	673.410613	3.388247	1.510654	280.148786	6.532971E-04	4.043376E-02
S190426c	S190814bv	5.518208	1.939483	673.410613	24.687522	2.707457	266.583126	0.000000E+00	3.859727E-02
S190426c	S190826u	5.518208	1.939483	673.410613	1.594133	1.005948	221.791283	2.703977E-21	3.077406E-02
S190426c	S190828j	5.518208	1.939483	673.410613	43.837041	35.304224	1996.229569	0.000000E+00	2.982160E-02
S190426c	S190828l	5.518208	1.939483	673.410613	32.131295	12.406218	1550.884781	0.000000E+00	2.981382E-02
S190426c	S190830y	5.518208	1.939483	673.410613	13.495155	4.414696	1058.882711	4.367212E-18	2.860809E-02
S190426c	S190901ap	5.518208	1.939483	673.410613	2.057573	1.260297	241.128579	1.521814E-08	2.747391E-02
S190510g	S190630ag	2.127052	1.396210	214.506238	43.756930	25.094726	894.666939	0.000000E+00	2.163443E-01
S190510g	S190706ai	2.127052	1.396210	214.506238	112.933503	74.121426	5294.057929	0.000000E+00	1.726636E-01
S190510g	S190708ap	2.127052	1.396210	214.506238	21.480518	14.643784	861.632575	0.000000E+00	1.605650E-01
S190510g	S190812an	2.127052	1.396210	214.506238	3.388247	1.510654	280.148786	7.464435E-03	5.541078E-02
S190510g	S190814bv	2.127052	1.396210	214.506238	24.687522	2.707457	266.583126	0.000000E+00	5.243807E-02
S190510g	S190828j	2.127052	1.396210	214.506238	43.837041	35.304224	1996.229569	0.000000E+00	3.867241E-02
S190510g	S190828l	2.127052	1.396210	214.506238	32.131295	12.406218	1550.884781	0.000000E+00	3.866061E-02
S190510g	S190830y	2.127052	1.396210	214.506238	13.495155	4.414696	1058.882711	5.088471E-117	3.684283E-02
S190510g	S190901ap	2.127052	1.396210	214.506238	2.057573	1.260297	241.128579	3.004547E+02	3.515309E-02
S190512at	190425	27.933490	16.642326	1430.391569	2.063355	1.424297	163.086727	0.000000E+00	1.429150E+00
S190512at	190511	27.933490	16.642326	1430.391569	3.850878	1.518912	1683.381047	0.000000E+00	2.821952E+01
S190512at	190519bj	27.933490	16.642326	1430.391569	94.012281	67.120783	3830.846901	0.000000E+00	4.680819E+00
S190512at	190521g	27.933490	16.642326	1430.391569	191.015006	80.104642	2312.369982	0.000000E+00	3.699637E+00
S190512at	190521r	27.933490	16.642326	1430.391569	51.535979	39.138066	1121.147106	0.000000E+00	3.597760E+00
S190512at	S190413ac	27.933490	16.642326	1430.391569	83.477306	55.758698	4215.177173	0.000000E+00	5.991585E-01
S190512at	S190421ar	27.933490	16.642326	1430.391569	48.520636	37.469384	1559.917750	3.300425E-118	1.071476E+00
S190512at	S190425e	27.933490	16.642326	1430.391569	2.159430	1.390684	102.150916	0.000000E+00	1.394407E+00
S190512at	S190426c	27.933490	16.642326	1430.391569	5.518208	1.939483	673.410613	0.000000E+00	1.603340E+00
S190512at	S190510g	27.933490	16.642326	1430.391569	2.127052	1.396210	214.506238	0.000000E+00	1.341704E+01
S190512at	S190602aq	27.933490	16.642326	1430.391569	110.865717	60.439404	2538.314813	0.000000E+00	1.059467E+00
S190512at	S190607t	27.933490	16.642326	1430.391569	1.982071	1.254118	135.817611	0.000000E+00	7.448217E-01
S190512at	S190630ag	27.933490	16.642326	1430.391569	43.756930	25.094726	894.666939	7.933736E-284	2.390969E-01
S190512at	S190701ah	27.933490	16.642326	1430.391569	77.306595	53.661396	1841.469922	0.000000E+00	2.294966E-01
S190512at	S190706ai	27.933490	16.642326	1430.391569	112.933503	74.121426	5294.057929	0.000000E+00	1.899084E-01
S190512at	S190707q	27.933490	16.642326	1430.391569	13.665300	9.435456	806.532865	0.000000E+00	1.867280E-01
S190512at	S190708ap	27.933490	16.642326	1430.391569	21.480518	14.643784	861.632575	1.852385E-56	1.763617E-01
S190512at	S190720a	27.933490	16.642326	1430.391569	15.956410	9.005985	816.716283	0.000000E+00	1.203446E-01
S190512at	S190727h	27.933490	16.642326	1430.391569	57.666366	45.159167	2858.799342	0.000000E+00	9.522172E-02
S190512at	S190728q	27.933490	16.642326	1430.391569	14.403733	9.446159	897.634710	0.000000E+00	9.221715E-02
S190512at	S190802ab	27.933490	16.642326	1430.391569	1.884447	1.031714	161.440189	0.000000E+00	7.786314E-02
S190512at	S190804f	27.933490	16.642326	1430.391569	2.661309	0.997223	458.682711	0.000000E+00	7.497583E-02
S190512at	S190812an	27.933490	16.642326	1430.391569	3.388247	1.510654	280.148786	0.000000E+00	5.930569E-02
S190512at	S190814bv	27.933490	16.642326	1430.391569	24.687522	2.707457	266.583126	0.000000E+00	5.602202E-02
S190512at	S190826u	27.933490	16.642326	1430.391569	1.594133	1.005948	221.791283	0.000000E+00	4.247824E-02
S190512at	S190828j	27.933490	16.642326	1430.391569	43.837041	35.304224	1996.229569	1.112693E-300	4.089162E-02
S190512at	S190828l	27.933490	16.642326	1430.391569	32.131295	12.406218	1550.884781	8.838183E-14	4.087872E-02
S190512at	S190830y	27.933490	16.642326	1430.391569	13.495155	4.414696	1058.882711	9.411792E-293	3.889421E-02
S190512at	S190901ap	27.933490	16.642326	1430.391569	2.057573	1.260297	241.128579	0.000000E+00	3.705342E-02
S190602aq	S190413ac	110.865717	60.439404	2538.314813	83.477306	55.758698	4215.177173	3.802318E-14	2.288273E-01
S190602aq	S190510g	110.865717	60.439404	2538.314813	2.127052	1.396210	214.506238	0.000000E+00	8.668411E-01
S190602aq	S190630ag	110.865717	60.439404	2538.314813	43.756930	25.094726	894.666939	2.030931E-305	6.428111E-01
S190602aq	S190706ai	110.865717	60.439404	2538.314813	112.933503	74.121426	5294.057929	9.530873E-07	4.545595E-01
S190602aq	S190707q	110.865717	60.439404	2538.314813	13.665300	9.435456	806.532865	0.000000E+00	4.440499E-01
S190602aq	S190708ap	110.865717	60.439404	2538.314813	21.480518	14.643784	861.632575	0.000000E+00	4.109784E-01
S190602aq	S190812an	110.865717	60.439404	2538.314813	3.388247	1.510654	280.148786	0.000000E+00	1.101715E-01
S190602aq	S190814bv	110.865717	60.439404	2538.314813	24.687522	2.707457	266.583126	0.000000E+00	1.026205E-01
S190602aq	S190826u	110.865717	60.439404	2538.314813	1.594133	1.005948	221.791283	0.000000E+00	7.212717E-02
S190602aq	S190828j	110.865717	60.439404	2538.314813	43.837041	35.304224	1996.229569	1.280250E-269	6.865863E-02
S190602aq	S190828l	110.865717	60.439404	2538.314813	32.131295	12.406218	1550.884781	0.000000E+00	6.863055E-02
S190602aq	S190830y	110.865717	60.439404	2538.314813	13.495155	4.414696	1058.882711	0.000000E+00	6.433730E-02
S190602aq	S190901ap	110.865717	60.439404	2538.314813	2.057573	1.260297	241.128579	0.000000E+00	6.040574E-02
S190607t	190425	1.982071	1.254118	135.817611	2.063355	1.424297	163.086727	2.882663E-29	3.017937E-01
S190607t	190511	1.982071	1.254118	135.817611	3.850878	1.518912	1683.381047	1.456834E+01	6.814430E-01
S190607t	190521g	1.982071	1.254118	135.817611	191.015006	80.104642	2312.369982	0.000000E+00	1.429581E+00
S190607t	190521r	1.982071	1.254118	135.817611	51.535979	39.138066	1121.147106	0.000000E+00	1.454286E+00
S190607t	S190413ac	1.982071	1.254118	135.817611	83.477306	55.758698	4215.177173	0.000000E+00	1.914380E-01
S190607t	S190421ar	1.982071	1.254118	135.817611	48.520636	37.469384	1559.917750	0.000000E+00	2.625609E-01
S190607t	S190425e	1.982071	1.254118	135.817611	2.159430	1.390684	102.150916	3.733670E-145	2.982879E-01
S190607t	S190426c	1.982071	1.254118	135.817611	5.518208	1.939483	673.410613	1.509998E-40	3.186117E-01
S190607t	S190510g	1.982071	1.254118	135.817611	2.127052	1.396210	214.506238	2.775749E-02	6.281492E-01
S190607t	S190602aq	1.982071	1.254118	135.817611	110.865717	60.439404	2538.314813	0.000000E+00	7.229943E+00
S190607t	S190630ag	1.982071	1.254118	135.817611	43.756930	25.094726	894.666939	0.000000E+00	8.908308E-01
S190607t	S190701ah	1.982071	1.254118	135.817611	77.306595	53.661396	1841.469922	0.000000E+00	8.241459E-01
S190607t	S190706ai	1.982071	1.254118	135.817611	112.933503	74.121426	5294.057929	0.000000E+00	5.913443E-01
S190607t	S190707q	1.982071	1.254118	135.817611	13.665300	9.435456	806.532865	0.000000E+00	5.753763E-01
S190607t	S190708ap	1.982071	1.254118	135.817611	21.480518	14.643784	861.632575	0.000000E+00	5.258474E-01
S190607t	S190720a	1.982071	1.254118	135.817611	15.956410	9.005985	816.716283	0.000000E+00	3.108995E-01
S190607t	S190727h	1.982071	1.254118	135.817611	57.666366	45.159167	2858.799342	0.000000E+00	2.328603E-01
S190607t	S190728q	1.982071	1.254118	135.817611	14.403733	9.446159	897.634710	0.000000E+00	2.239197E-01
S190607t	S190802ab	1.982071	1.254118	135.817611	1.884447	1.031714	161.440189	5.664050E-146	1.819617E-01
S190607t	S190804f	1.982071	1.254118	135.817611	2.661309	0.997223	458.682711	2.586666E+03	1.736462E-01
S190607t	S190812an	1.982071	1.254118	135.817611	3.388247	1.510654	280.148786	9.730908E-133	1.291314E-01
S190607t	S190814bv	1.982071	1.254118	135.817611	24.687522	2.707457	266.583126	0.000000E+00	1.199488E-01
S190607t	S190826u	1.982071	1.254118	135.817611	1.594133	1.005948	221.791283	1.518229E-36	8.295743E-02
S190607t	S190828j	1.982071	1.254118	135.817611	43.837041	35.304224	1996.229569	0.000000E+00	7.876362E-02
S190607t	S190828l	1.982071	1.254118	135.817611	32.131295	12.406218	1550.884781	0.000000E+00	7.872969E-02
S190607t	S190830y	1.982071	1.254118	135.817611	13.495155	4.414696	1058.882711	1.052952E-235	7.354542E-02
S190607t	S190901ap	1.982071	1.254118	135.817611	2.057573	1.260297	241.128579	2.858604E+04	6.880588E-02
S190630ag	S190828j	43.756930	25.094726	894.666939	43.837041	35.304224	1996.229569	7.445383E-10	1.685320E-01
S190701ah	190425	77.306595	53.661396	1841.469922	2.063355	1.424297	163.086727	0.000000E+00	1.233559E-01
S190701ah	190511	77.306595	53.661396	1841.469922	3.850878	1.518912	1683.381047	0.000000E+00	2.181260E-01
S190701ah	190521g	77.306595	53.661396	1841.469922	191.015006	80.104642	2312.369982	8.912064E-183	3.208170E-01
S190701ah	190521r	77.306595	53.661396	1841.469922	51.535979	39.138066	1121.147106	2.272173E-154	3.234972E-01
S190701ah	S190413ac	77.306595	53.661396	1841.469922	83.477306	55.758698	4215.177173	1.062674E-27	8.475123E-02
S190701ah	S190421ar	77.306595	53.661396	1841.469922	48.520636	37.469384	1559.917750	7.851503E-37	1.100954E-01
S190701ah	S190425e	77.306595	53.661396	1841.469922	2.159430	1.390684	102.150916	0.000000E+00	1.221963E-01
S190701ah	S190510g	77.306595	53.661396	1841.469922	2.127052	1.396210	214.506238	0.000000E+00	2.078563E-01
S190701ah	S190602aq	77.306595	53.661396	1841.469922	110.865717	60.439404	2538.314813	0.000000E+00	6.019290E-01
S190701ah	S190630ag	77.306595	53.661396	1841.469922	43.756930	25.094726	894.666939	1.252680E-173	3.818036E+01
S190701ah	S190706ai	77.306595	53.661396	1841.469922	112.933503	74.121426	5294.057929	4.735104E-61	6.744578E+00
S190701ah	S190707q	77.306595	53.661396	1841.469922	13.665300	9.435456	806.532865	0.000000E+00	6.086587E+00
S190701ah	S190708ap	77.306595	53.661396	1841.469922	21.480518	14.643784	861.632575	0.000000E+00	4.502443E+00
S190701ah	S190720a	77.306595	53.661396	1841.469922	15.956410	9.005985	816.716283	0.000000E+00	1.340356E+00
S190701ah	S190727h	77.306595	53.661396	1841.469922	57.666366	45.159167	2858.799342	5.207038E-46	7.644783E-01
S190701ah	S190728q	77.306595	53.661396	1841.469922	14.403733	9.446159	897.634710	0.000000E+00	7.131508E-01
S190701ah	S190802ab	77.306595	53.661396	1841.469922	1.884447	1.031714	161.440189	0.000000E+00	5.091178E-01
S190701ah	S190804f	77.306595	53.661396	1841.469922	2.661309	0.997223	458.682711	0.000000E+00	4.750928E-01
S190701ah	S190812an	77.306595	53.661396	1841.469922	3.388247	1.510654	280.148786	0.000000E+00	3.195019E-01
S190701ah	S190814bv	77.306595	53.661396	1841.469922	24.687522	2.707457	266.583126	0.000000E+00	2.915370E-01
S190701ah	S190826u	77.306595	53.661396	1841.469922	1.594133	1.005948	221.791283	0.000000E+00	1.865340E-01
S190701ah	S190828j	77.306595	53.661396	1841.469922	43.837041	35.304224	1996.229569	6.538748E-240	1.751179E-01
S190701ah	S190828l	77.306595	53.661396	1841.469922	32.131295	12.406218	1550.884781	0.000000E+00	1.750258E-01
S190701ah	S190830y	77.306595	53.661396	1841.469922	13.495155	4.414696	1058.882711	0.000000E+00	1.610022E-01
S190701ah	S190901ap	77.306595	53.661396	1841.469922	2.057573	1.260297	241.128579	0.000000E+00	1.482623E-01
S190704o	190425	6.364086	4.321680	436.060624	2.063355	1.424297	163.086727	0.000000E+00	1.131959E-01
S190704o	190511	6.364086	4.321680	436.060624	3.850878	1.518912	1683.381047	3.740602E-186	1.980415E-01
S190704o	190519bj	6.364086	4.321680	436.060624	94.012281	67.120783	3830.846901	0.000000E+00	2.713607E-01
S190704o	190521g	6.364086	4.321680	436.060624	191.015006	80.104642	2312.369982	0.000000E+00	2.880155E-01
S190704o	190521r	6.364086	4.321680	436.060624	51.535979	39.138066	1121.147106	0.000000E+00	2.903221E-01
S190704o	S190413ac	6.364086	4.321680	436.060624	83.477306	55.758698	4215.177173	0.000000E+00	7.844550E-02
S190704o	S190421ar	6.364086	4.321680	436.060624	48.520636	37.469384	1559.917750	0.000000E+00	1.012682E-01
S190704o	S190425e	6.364086	4.321680	436.060624	2.159430	1.390684	102.150916	0.000000E+00	1.121532E-01
S190704o	S190426c	6.364086	4.321680	436.060624	5.518208	1.939483	673.410613	8.880591E-10	1.181304E-01
S190704o	S190510g	6.364086	4.321680	436.060624	2.127052	1.396210	214.506238	0.000000E+00	1.889022E-01
S190704o	S190512at	6.364086	4.321680	436.060624	27.933490	16.642326	1430.391569	0.000000E+00	2.081366E-01
S190704o	S190602aq	6.364086	4.321680	436.060624	110.865717	60.439404	2538.314813	0.000000E+00	5.184121E-01
S190704o	S190607t	6.364086	4.321680	436.060624	1.982071	1.254118	135.817611	0.000000E+00	6.904118E-01
S190704o	S190630ag	6.364086	4.321680	436.060624	43.756930	25.094726	894.666939	0.000000E+00	9.686116E+00
S190704o	S190701ah	6.364086	4.321680	436.060624	77.306595	53.661396	1841.469922	0.000000E+00	1.359444E+01
S190704o	S190706ai	6.364086	4.321680	436.060624	112.933503	74.121426	5294.057929	0.000000E+00	1.416184E+01
S190704o	S190707q	6.364086	4.321680	436.060624	13.665300	9.435456	806.532865	0.000000E+00	1.203658E+01
S190704o	S190708ap	6.364086	4.321680	436.060624	21.480518	14.643784	861.632575	0.000000E+00	7.700266E+00
S190704o	S190720a	6.364086	4.321680	436.060624	15.956410	9.005985	816.716283	0.000000E+00	1.687024E+00
S190704o	S190727h	6.364086	4.321680	436.060624	57.666366	45.159167	2858.799342	0.000000E+00	9.213438E-01
S190704o	S190728q	6.364086	4.321680	436.060624	14.403733	9.446159	897.634710	0.000000E+00	8.539218E-01
S190704o	S190802ab	6.364086	4.321680	436.060624	1.884447	1.031714	161.440189	0.000000E+00	5.901363E-01
S190704o	S190804f	6.364086	4.321680	436.060624	2.661309	0.997223	458.682711	0.000000E+00	5.472257E-01
S190704o	S190812an	6.364086	4.321680	436.060624	3.388247	1.510654	280.148786	0.000000E+00	3.576438E-01
S190704o	S190814bv	6.364086	4.321680	436.060624	24.687522	2.707457	266.583126	0.000000E+00	3.249100E-01
S190704o	S190826u	6.364086	4.321680	436.060624	1.594133	1.005948	221.791283	0.000000E+00	2.051985E-01
S190704o	S190828j	6.364086	4.321680	436.060624	43.837041	35.304224	1996.229569	0.000000E+00	1.924044E-01
S190704o	S190828l	6.364086	4.321680	436.060624	32.131295	12.406218	1550.884781	0.000000E+00	1.923013E-01
S190704o	S190830y	6.364086	4.321680	436.060624	13.495155	4.414696	1058.882711	7.445091E-13	1.766204E-01
S190704o	S190901ap	6.364086	4.321680	436.060624	2.057573	1.260297	241.128579	0.000000E+00	1.624020E-01
S190706ai	S190630ag	112.933503	74.121426	5294.057929	43.756930	25.094726	894.666939	0.000000E+00	5.375207E+00
S190706ai	S190814bv	112.933503	74.121426	5294.057929	24.687522	2.707457	266.583126	0.000000E+00	3.622380E-01
S190706ai	S190828j	112.933503	74.121426	5294.057929	43.837041	35.304224	1996.229569	0.000000E+00	2.109259E-01
S190706ai	S190830y	112.933503	74.121426	5294.057929	13.495155	4.414696	1058.882711	0.000000E+00	1.933102E-01
S190707q	S190413ac	13.665300	9.435456	806.532865	83.477306	55.758698	4215.177173	0.000000E+00	7.202826E-02
S190707q	S190510g	13.665300	9.435456	806.532865	2.127052	1.396210	214.506238	0.000000E+00	1.698253E-01
S190707q	S190630ag	13.665300	9.435456	806.532865	43.756930	25.094726	894.666939	0.000000E+00	4.924286E+00
S190707q	S190706ai	13.665300	9.435456	806.532865	112.933503	74.121426	5294.057929	0.000000E+00	1.074392E+02
S190707q	S190708ap	13.665300	9.435456	806.532865	21.480518	14.643784	861.632575	1.888180E-291	2.298311E+01
S190707q	S190812an	13.665300	9.435456	806.532865	3.388247	1.510654	280.148786	0.000000E+00	4.098282E-01
S190707q	S190814bv	13.665300	9.435456	806.532865	24.687522	2.707457	266.583126	4.979500E-123	3.698897E-01
S190707q	S190826u	13.665300	9.435456	806.532865	1.594133	1.005948	221.791283	0.000000E+00	2.292472E-01
S190707q	S190828j	13.665300	9.435456	806.532865	43.837041	35.304224	1996.229569	0.000000E+00	2.146131E-01
S190707q	S190828l	13.665300	9.435456	806.532865	32.131295	12.406218	1550.884781	0.000000E+00	2.144954E-01
S190707q	S190830y	13.665300	9.435456	806.532865	13.495155	4.414696	1058.882711	1.788371E-01	1.966262E-01
S190707q	S190901ap	13.665300	9.435456	806.532865	2.057573	1.260297	241.128579	0.000000E+00	1.804755E-01
S190708ap	S190630ag	21.480518	14.643784	861.632575	43.756930	25.094726	894.666939	0.000000E+00	3.799496E+00
S190708ap	S190706ai	21.480518	14.643784	861.632575	112.933503	74.121426	5294.057929	0.000000E+00	1.719597E+01
S190708ap	S190812an	21.480518	14.643784	861.632575	3.388247	1.510654	280.148786	0.000000E+00	4.427510E-01
S190708ap	S190814bv	21.480518	14.643784	861.632575	24.687522	2.707457	266.583126	0.000000E+00	3.978828E-01
S190708ap	S190828j	21.480518	14.643784	861.632575	43.837041	35.304224	1996.229569	0.000000E+00	2.277846E-01
S190708ap	S190830y	21.480518	14.643784	861.632575	13.495155	4.414696	1058.882711	3.386803E-170	2.084524E-01
S190720a	S190413ac	15.956410	9.005985	816.716283	83.477306	55.758698	4215.177173	0.000000E+00	5.157164E-02
S190720a	S190510g	15.956410	9.005985	816.716283	2.127052	1.396210	214.506238	0.000000E+00	1.103578E-01
S190720a	S190602aq	15.956410	9.005985	816.716283	110.865717	60.439404	2538.314813	0.000000E+00	2.561676E-01
S190720a	S190630ag	15.956410	9.005985	816.716283	43.756930	25.094726	894.666939	0.000000E+00	1.224277E+00
S190720a	S190706ai	15.956410	9.005985	816.716283	112.933503	74.121426	5294.057929	0.000000E+00	2.137349E+00
S190720a	S190707q	15.956410	9.005985	816.716283	13.665300	9.435456	806.532865	1.285901E+02	2.239180E+00
S190720a	S190708ap	15.956410	9.005985	816.716283	21.480518	14.643784	861.632575	3.688883E-201	2.647304E+00
S190720a	S190812an	15.956410	9.005985	816.716283	3.388247	1.510654	280.148786	0.000000E+00	8.635638E-01
S190720a	S190814bv	15.956410	9.005985	816.716283	24.687522	2.707457	266.583126	3.935405E-103	7.398417E-01
S190720a	S190826u	15.956410	9.005985	816.716283	1.594133	1.005948	221.791283	0.000000E+00	3.865902E-01
S190720a	S190828j	15.956410	9.005985	816.716283	43.837041	35.304224	1996.229569	0.000000E+00	3.570793E-01
S190720a	S190828l	15.956410	9.005985	816.716283	32.131295	12.406218	1550.884781	0.000000E+00	3.568464E-01
S190720a	S190830y	15.956410	9.005985	816.716283	13.495155	4.414696	1058.882711	1.744225E-08	3.222559E-01
S190720a	S190901ap	15.956410	9.005985	816.716283	2.057573	1.260297	241.128579	0.000000E+00	2.921603E-01
S190727h	190425	57.666366	45.159167	2858.799342	2.063355	1.424297	163.086727	0.000000E+00	5.781034E-02
S190727h	190511	57.666366	45.159167	2858.799342	3.850878	1.518912	1683.381047	0.000000E+00	9.132734E-02
S190727h	190521r	57.666366	45.159167	2858.799342	51.535979	39.138066	1121.147106	1.707837E-03	1.257800E-01
S190727h	S190413ac	57.666366	45.159167	2858.799342	83.477306	55.758698	4215.177173	2.667388E-06	4.352093E-02
S190727h	S190421ar	57.666366	45.159167	2858.799342	48.520636	37.469384	1559.917750	9.885165E+00	5.297004E-02
S190727h	S190425e	57.666366	45.159167	2858.799342	2.159430	1.390684	102.150916	0.000000E+00	5.738910E-02
S190727h	S190510g	57.666366	45.159167	2858.799342	2.127052	1.396210	214.506238	0.000000E+00	8.778217E-02
S190727h	S190602aq	57.666366	45.159167	2858.799342	110.865717	60.439404	2538.314813	2.636235E-44	1.946790E-01
S190727h	S190630ag	57.666366	45.159167	2858.799342	43.756930	25.094726	894.666939	1.375150E-98	7.112035E-01
S190727h	S190706ai	57.666366	45.159167	2858.799342	112.933503	74.121426	5294.057929	5.152490E-80	1.118621E+00
S190727h	S190707q	57.666366	45.159167	2858.799342	13.665300	9.435456	806.532865	0.000000E+00	1.161652E+00
S190727h	S190708ap	57.666366	45.159167	2858.799342	21.480518	14.643784	861.632575	0.000000E+00	1.325833E+00
S190727h	S190720a	57.666366	45.159167	2858.799342	15.956410	9.005985	816.716283	0.000000E+00	4.406807E+00
S190727h	S190728q	57.666366	45.159167	2858.799342	14.403733	9.446159	897.634710	0.000000E+00	4.025345E+01
S190727h	S190802ab	57.666366	45.159167	2858.799342	1.884447	1.031714	161.440189	0.000000E+00	4.903651E+00
S190727h	S190804f	57.666366	45.159167	2858.799342	2.661309	0.997223	458.682711	0.000000E+00	3.949260E+00
S190727h	S190812an	57.666366	45.159167	2858.799342	3.388247	1.510654	280.148786	0.000000E+00	1.558488E+00
S190727h	S190814bv	57.666366	45.159167	2858.799342	24.687522	2.707457	266.583126	0.000000E+00	1.286560E+00
S190727h	S190826u	57.666366	45.159167	2858.799342	1.594133	1.005948	221.791283	0.000000E+00	5.618116E-01
S190727h	S190828j	57.666366	45.159167	2858.799342	43.837041	35.304224	1996.229569	8.611103E-38	5.093948E-01
S190727h	S190828l	57.666366	45.159167	2858.799342	32.131295	12.406218	1550.884781	0.000000E+00	5.089890E-01
S190727h	S190830y	57.666366	45.159167	2858.799342	13.495155	4.414696	1058.882711	0.000000E+00	4.501476E-01
S190727h	S190901ap	57.666366	45.159167	2858.799342	2.057573	1.260297	241.128579	0.000000E+00	4.012694E-01
S190728q	S190413ac	14.403733	9.446159	897.634710	83.477306	55.758698	4215.177173	0.000000E+00	4.253758E-02
S190728q	S190421ar	14.403733	9.446159	897.634710	48.520636	37.469384	1559.917750	0.000000E+00	5.164127E-02
S190728q	S190510g	14.403733	9.446159	897.634710	2.127052	1.396210	214.506238	0.000000E+00	8.507988E-02
S190728q	S190602aq	14.403733	9.446159	897.634710	110.865717	60.439404	2538.314813	0.000000E+00	1.874876E-01
S190728q	S190630ag	14.403733	9.446159	897.634710	43.756930	25.094726	894.666939	0.000000E+00	6.651852E-01
S190728q	S190706ai	14.403733	9.446159	897.634710	112.933503	74.121426	5294.057929	0.000000E+00	1.030440E+00
S190728q	S190707q	14.403733	9.446159	897.634710	13.665300	9.435456	806.532865	4.829422E+02	1.068902E+00
S190728q	S190708ap	14.403733	9.446159	897.634710	21.480518	14.643784	861.632575	1.877586E-233	1.215541E+00
S190728q	S190720a	14.403733	9.446159	897.634710	15.956410	9.005985	816.716283	5.585716E+01	3.751808E+00
S190728q	S190804f	14.403733	9.446159	897.634710	2.661309	0.997223	458.682711	0.000000E+00	4.673817E+00
S190728q	S190812an	14.403733	9.446159	897.634710	3.388247	1.510654	280.148786	0.000000E+00	1.711095E+00
S190728q	S190814bv	14.403733	9.446159	897.634710	24.687522	2.707457	266.583126	6.759490E-101	1.405431E+00
S190728q	S190826u	14.403733	9.446159	897.634710	1.594133	1.005948	221.791283	0.000000E+00	5.968875E-01
S190728q	S190828j	14.403733	9.446159	897.634710	43.837041	35.304224	1996.229569	0.000000E+00	5.392861E-01
S190728q	S190828l	14.403733	9.446159	897.634710	32.131295	12.406218	1550.884781	0.000000E+00	5.388415E-01
S190728q	S190830y	14.403733	9.446159	897.634710	13.495155	4.414696	1058.882711	1.685472E-02	4.745820E-01
S190728q	S190901ap	14.403733	9.446159	897.634710	2.057573	1.260297	241.128579	0.000000E+00	4.215951E-01
S190802ab	190425	1.884447	1.031714	161.440189	2.063355	1.424297	163.086727	9.507948E-180	4.900842E-02
S190802ab	190511	1.884447	1.031714	161.440189	3.850878	1.518912	1683.381047	6.405075E-04	7.487869E-02
S190802ab	190521r	1.884447	1.031714	161.440189	51.535979	39.138066	1121.147106	0.000000E+00	1.012136E-01
S190802ab	S190413ac	1.884447	1.031714	161.440189	83.477306	55.758698	4215.177173	0.000000E+00	3.774871E-02
S190802ab	S190421ar	1.884447	1.031714	161.440189	48.520636	37.469384	1559.917750	0.000000E+00	4.522091E-02
S190802ab	S190510g	1.884447	1.031714	161.440189	2.127052	1.396210	214.506238	5.155338E-45	7.215943E-02
S190802ab	S190602aq	1.884447	1.031714	161.440189	110.865717	60.439404	2538.314813	0.000000E+00	1.534542E-01
S190802ab	S190630ag	1.884447	1.031714	161.440189	43.756930	25.094726	894.666939	0.000000E+00	4.807796E-01
S190802ab	S190706ai	1.884447	1.031714	161.440189	112.933503	74.121426	5294.057929	0.000000E+00	6.888703E-01
S190802ab	S190707q	1.884447	1.031714	161.440189	13.665300	9.435456	806.532865	0.000000E+00	7.101220E-01
S190802ab	S190708ap	1.884447	1.031714	161.440189	21.480518	14.643784	861.632575	0.000000E+00	7.905997E-01
S190802ab	S190720a	1.884447	1.031714	161.440189	15.956410	9.005985	816.716283	0.000000E+00	1.974244E+00
S190802ab	S190728q	1.884447	1.031714	161.440189	14.403733	9.446159	897.634710	0.000000E+00	6.003834E+00
S190802ab	S190804f	1.884447	1.031714	161.440189	2.661309	0.997223	458.682711	2.881683E+01	2.950933E+01
S190802ab	S190812an	1.884447	1.031714	161.440189	3.388247	1.510654	280.148786	6.019231E-66	3.059686E+00
S190802ab	S190814bv	1.884447	1.031714	161.440189	24.687522	2.707457	266.583126	0.000000E+00	2.385350E+00
S190802ab	S190826u	1.884447	1.031714	161.440189	1.594133	1.005948	221.791283	1.125274E-22	8.658480E-01
S190802ab	S190828j	1.884447	1.031714	161.440189	43.837041	35.304224	1996.229569	0.000000E+00	7.650038E-01
S190802ab	S190828l	1.884447	1.031714	161.440189	32.131295	12.406218	1550.884781	0.000000E+00	7.642341E-01
S190802ab	S190830y	1.884447	1.031714	161.440189	13.495155	4.414696	1058.882711	3.765565E-214	6.548016E-01
S190802ab	S190901ap	1.884447	1.031714	161.440189	2.057573	1.260297	241.128579	7.055884E-36	5.678124E-01
S190804f	S190413ac	2.661309	0.997223	458.682711	83.477306	55.758698	4215.177173	0.000000E+00	3.676272E-02
S190804f	S190421ar	2.661309	0.997223	458.682711	48.520636	37.469384	1559.917750	0.000000E+00	4.391112E-02
S190804f	S190510g	2.661309	0.997223	458.682711	2.127052	1.396210	214.506238	8.329793E+02	6.955772E-02
S190804f	S190602aq	2.661309	0.997223	458.682711	110.865717	60.439404	2538.314813	0.000000E+00	1.466655E-01
S190804f	S190630ag	2.661309	0.997223	458.682711	43.756930	25.094726	894.666939	0.000000E+00	4.496778E-01
S190804f	S190706ai	2.661309	0.997223	458.682711	112.933503	74.121426	5294.057929	0.000000E+00	6.343332E-01
S190804f	S190707q	2.661309	0.997223	458.682711	13.665300	9.435456	806.532865	0.000000E+00	6.529980E-01
S190804f	S190708ap	2.661309	0.997223	458.682711	21.480518	14.643784	861.632575	0.000000E+00	7.234814E-01
S190804f	S190720a	2.661309	0.997223	458.682711	15.956410	9.005985	816.716283	0.000000E+00	1.746626E+00
S190804f	S190812an	2.661309	0.997223	458.682711	3.388247	1.510654	280.148786	1.014072E-13	3.633214E+00
S190804f	S190814bv	2.661309	0.997223	458.682711	24.687522	2.707457	266.583126	0.000000E+00	2.748613E+00
S190804f	S190826u	2.661309	0.997223	458.682711	1.594133	1.005948	221.791283	3.337591E+03	9.538841E-01
S190804f	S190828j	2.661309	0.997223	458.682711	43.837041	35.304224	1996.229569	0.000000E+00	8.381421E-01
S190804f	S190828l	2.661309	0.997223	458.682711	32.131295	12.406218	1550.884781	0.000000E+00	8.372602E-01
S190804f	S190830y	2.661309	0.997223	458.682711	13.495155	4.414696	1058.882711	7.814405E-194	7.121771E-01
S190804f	S190901ap	2.661309	0.997223	458.682711	2.057573	1.260297	241.128579	1.260389E+04	6.133946E-01
S190812an	S190630ag	3.388247	1.510654	280.148786	43.756930	25.094726	894.666939	0.000000E+00	3.054521E-01
S190812an	S190706ai	3.388247	1.510654	280.148786	112.933503	74.121426	5294.057929	0.000000E+00	4.008878E-01
S190812an	S190814bv	3.388247	1.510654	280.148786	24.687522	2.707457	266.583126	0.000000E+00	1.593685E+01
S190812an	S190828j	3.388247	1.510654	280.148786	43.837041	35.304224	1996.229569	0.000000E+00	1.681561E+00
S190812an	S190830y	3.388247	1.510654	280.148786	13.495155	4.414696	1058.882711	2.451132E-158	1.363856E+00
S190814bv	S190630ag	24.687522	2.707457	266.583126	43.756930	25.094726	894.666939	0.000000E+00	2.791383E-01
S190814bv	S190828j	24.687522	2.707457	266.583126	43.837041	35.304224	1996.229569	0.000000E+00	2.070701E+00
S190814bv	S190830y	24.687522	2.707457	266.583126	13.495155	4.414696	1058.882711	5.097056E-01	1.657616E+00
S190826u	S190413ac	1.594133	1.005948	221.791283	83.477306	55.758698	4215.177173	0.000000E+00	2.462869E-02
S190826u	S190510g	1.594133	1.005948	221.791283	2.127052	1.396210	214.506238	4.054892E-08	4.012309E-02
S190826u	S190630ag	1.594133	1.005948	221.791283	43.756930	25.094726	894.666939	0.000000E+00	1.794333E-01
S190826u	S190706ai	1.594133	1.005948	221.791283	112.933503	74.121426	5294.057929	0.000000E+00	2.252483E-01
S190826u	S190708ap	1.594133	1.005948	221.791283	21.480518	14.643784	861.632575	0.000000E+00	2.435553E-01
S190826u	S190812an	1.594133	1.005948	221.791283	3.388247	1.510654	280.148786	4.046761E-68	1.981147E+00
S190826u	S190814bv	1.594133	1.005948	221.791283	24.687522	2.707457	266.583126	0.000000E+00	2.475248E+00
S190826u	S190828j	1.594133	1.005948	221.791283	43.837041	35.304224	1996.229569	0.000000E+00	2.038230E+01
S190826u	S190828l	1.594133	1.005948	221.791283	32.131295	12.406218	1550.884781	0.000000E+00	2.018853E+01
S190826u	S190830y	1.594133	1.005948	221.791283	13.495155	4.414696	1058.882711	5.002036E-225	8.586777E+00
S190826u	S190901ap	1.594133	1.005948	221.791283	2.057573	1.260297	241.128579	4.091936E-22	5.072513E+00
S190828l	S190630ag	32.131295	12.406218	1550.884781	43.756930	25.094726	894.666939	0.000000E+00	1.684440E-01
S190828l	S190706ai	32.131295	12.406218	1550.884781	112.933503	74.121426	5294.057929	0.000000E+00	2.108107E-01
S190828l	S190708ap	32.131295	12.406218	1550.884781	21.480518	14.643784	861.632575	2.606321E-21	2.276579E-01
S190828l	S190812an	32.131295	12.406218	1550.884781	3.388247	1.510654	280.148786	0.000000E+00	1.679311E+00
S190828l	S190814bv	32.131295	12.406218	1550.884781	24.687522	2.707457	266.583126	0.000000E+00	2.067729E+00
S190828l	S190828j	32.131295	12.406218	1550.884781	43.837041	35.304224	1996.229569	4.916892E-231	4.708893E+03
S190828l	S190830y	32.131295	12.406218	1550.884781	13.495155	4.414696	1058.882711	1.724097E-273	1.498859E+01
S190828l	S190901ap	32.131295	12.406218	1550.884781	2.057573	1.260297	241.128579	0.000000E+00	7.391095E+00
S190830y	S190630ag	13.495155	4.414696	1058.882711	43.756930	25.094726	894.666939	0.000000E+00	1.550434E-01
S190830y	S190828j	13.495155	4.414696	1058.882711	43.837041	35.304224	1996.229569	0.000000E+00	1.489871E+01
S190901ap	S190630ag	2.057573	1.260297	241.128579	43.756930	25.094726	894.666939	0.000000E+00	1.428622E-01
S190901ap	S190706ai	2.057573	1.260297	241.128579	112.933503	74.121426	5294.057929	0.000000E+00	1.774832E-01
S190901ap	S190708ap	2.057573	1.260297	241.128579	21.480518	14.643784	861.632575	0.000000E+00	1.911341E-01
S190901ap	S190812an	2.057573	1.260297	241.128579	3.388247	1.510654	280.148786	2.233098E-04	1.120443E+00
S190901ap	S190814bv	2.057573	1.260297	241.128579	24.687522	2.707457	266.583126	0.000000E+00	1.346374E+00
S190901ap	S190828j	2.057573	1.260297	241.128579	43.837041	35.304224	1996.229569	0.000000E+00	7.364859E+00
S190901ap	S190830y	2.057573	1.260297	241.128579	13.495155	4.414696	1058.882711	6.121713E-170	1.494229E+01
